(kicad_pcb (version 20171130) (host pcbnew "(5.1.9)-1")

  (general
    (thickness 1.6)
    (drawings 0)
    (tracks 0)
    (zones 0)
    (modules 57)
    (nets 72)
  )

  (page A4)
  (title_block
    (title "Electris Arcade Controller")
    (rev A)
    (company "Jasper Rubin")
  )

  (layers
    (0 F.Cu signal)
    (31 B.Cu signal)
    (32 B.Adhes user)
    (33 F.Adhes user)
    (34 B.Paste user)
    (35 F.Paste user)
    (36 B.SilkS user)
    (37 F.SilkS user)
    (38 B.Mask user)
    (39 F.Mask user)
    (40 Dwgs.User user)
    (41 Cmts.User user)
    (42 Eco1.User user)
    (43 Eco2.User user)
    (44 Edge.Cuts user)
    (45 Margin user)
    (46 B.CrtYd user)
    (47 F.CrtYd user)
    (48 B.Fab user)
    (49 F.Fab user)
  )

  (setup
    (last_trace_width 0.25)
    (trace_clearance 0.2)
    (zone_clearance 0.508)
    (zone_45_only no)
    (trace_min 0.2)
    (via_size 0.8)
    (via_drill 0.4)
    (via_min_size 0.4)
    (via_min_drill 0.3)
    (uvia_size 0.3)
    (uvia_drill 0.1)
    (uvias_allowed no)
    (uvia_min_size 0.2)
    (uvia_min_drill 0.1)
    (edge_width 0.05)
    (segment_width 0.2)
    (pcb_text_width 0.3)
    (pcb_text_size 1.5 1.5)
    (mod_edge_width 0.12)
    (mod_text_size 1 1)
    (mod_text_width 0.15)
    (pad_size 1.524 1.524)
    (pad_drill 0.762)
    (pad_to_mask_clearance 0)
    (aux_axis_origin 0 0)
    (visible_elements FFFFFF7F)
    (pcbplotparams
      (layerselection 0x010fc_ffffffff)
      (usegerberextensions false)
      (usegerberattributes true)
      (usegerberadvancedattributes true)
      (creategerberjobfile true)
      (excludeedgelayer true)
      (linewidth 0.100000)
      (plotframeref false)
      (viasonmask false)
      (mode 1)
      (useauxorigin false)
      (hpglpennumber 1)
      (hpglpenspeed 20)
      (hpglpendiameter 15.000000)
      (psnegative false)
      (psa4output false)
      (plotreference true)
      (plotvalue true)
      (plotinvisibletext false)
      (padsonsilk false)
      (subtractmaskfromsilk false)
      (outputformat 1)
      (mirror false)
      (drillshape 1)
      (scaleselection 1)
      (outputdirectory ""))
  )

  (net 0 "")
  (net 1 GND)
  (net 2 +5V)
  (net 3 "Net-(C2-Pad1)")
  (net 4 +12V)
  (net 5 "Net-(C4-Pad2)")
  (net 6 "Net-(C5-Pad2)")
  (net 7 "Net-(C6-Pad1)")
  (net 8 "Net-(C9-Pad1)")
  (net 9 "Net-(C11-Pad2)")
  (net 10 "Net-(C12-Pad2)")
  (net 11 "Net-(D1-Pad1)")
  (net 12 "Net-(F1-Pad2)")
  (net 13 /ICSP_MISO_1)
  (net 14 /ICSP_SCK_1)
  (net 15 /ICSP_MOSI_1)
  (net 16 /nRST_1)
  (net 17 /nRST_2)
  (net 18 /ICSP_MOSI_2)
  (net 19 /ICSP_SCK_2)
  (net 20 /ICSP_MISO_2)
  (net 21 "Net-(J4-Pad12)")
  (net 22 /VGA_HSYNC)
  (net 23 "Net-(J4-Pad11)")
  (net 24 "Net-(J4-Pad15)")
  (net 25 /VGA_VSYNC)
  (net 26 "Net-(J4-Pad9)")
  (net 27 "Net-(J4-Pad4)")
  (net 28 /VGA_B)
  (net 29 /VGA_G)
  (net 30 /VGA_R)
  (net 31 "Net-(JP3-Pad1)")
  (net 32 "Net-(JP6-Pad1)")
  (net 33 /TONE_2)
  (net 34 /TONE_1)
  (net 35 /TONE)
  (net 36 "Net-(LS1-Pad2)")
  (net 37 "Net-(Q1-Pad1)")
  (net 38 "Net-(R3-Pad2)")
  (net 39 "Net-(R4-Pad2)")
  (net 40 "Net-(R5-Pad2)")
  (net 41 "Net-(R6-Pad2)")
  (net 42 /BTN_ML)
  (net 43 /BTN_MR)
  (net 44 /BTN_TL)
  (net 45 /BTN_TR)
  (net 46 /BTN_DS)
  (net 47 /BTN_DH)
  (net 48 /BTN_HL)
  (net 49 /UART_TX)
  (net 50 /UART_RX)
  (net 51 "Net-(U1-Pad27)")
  (net 52 "Net-(U1-Pad26)")
  (net 53 "Net-(U1-Pad25)")
  (net 54 "Net-(U1-Pad24)")
  (net 55 "Net-(U1-Pad23)")
  (net 56 "Net-(U1-Pad22)")
  (net 57 "Net-(U1-Pad19)")
  (net 58 "Net-(U1-Pad14)")
  (net 59 "Net-(U1-Pad12)")
  (net 60 "Net-(U3-Pad2)")
  (net 61 "Net-(U3-Pad9)")
  (net 62 "Net-(U3-Pad12)")
  (net 63 "Net-(U3-Pad19)")
  (net 64 "Net-(U3-Pad22)")
  (net 65 "Net-(U3-Pad23)")
  (net 66 "Net-(U3-Pad24)")
  (net 67 "Net-(U3-Pad25)")
  (net 68 "Net-(U3-Pad26)")
  (net 69 "Net-(U3-Pad27)")
  (net 70 "Net-(U3-Pad28)")
  (net 71 "Net-(U3-Pad32)")

  (net_class Default "This is the default net class."
    (clearance 0.2)
    (trace_width 0.25)
    (via_dia 0.8)
    (via_drill 0.4)
    (uvia_dia 0.3)
    (uvia_drill 0.1)
    (add_net +12V)
    (add_net +5V)
    (add_net /BTN_DH)
    (add_net /BTN_DS)
    (add_net /BTN_HL)
    (add_net /BTN_ML)
    (add_net /BTN_MR)
    (add_net /BTN_TL)
    (add_net /BTN_TR)
    (add_net /ICSP_MISO_1)
    (add_net /ICSP_MISO_2)
    (add_net /ICSP_MOSI_1)
    (add_net /ICSP_MOSI_2)
    (add_net /ICSP_SCK_1)
    (add_net /ICSP_SCK_2)
    (add_net /TONE)
    (add_net /TONE_1)
    (add_net /TONE_2)
    (add_net /UART_RX)
    (add_net /UART_TX)
    (add_net /VGA_B)
    (add_net /VGA_G)
    (add_net /VGA_HSYNC)
    (add_net /VGA_R)
    (add_net /VGA_VSYNC)
    (add_net /nRST_1)
    (add_net /nRST_2)
    (add_net GND)
    (add_net "Net-(C11-Pad2)")
    (add_net "Net-(C12-Pad2)")
    (add_net "Net-(C2-Pad1)")
    (add_net "Net-(C4-Pad2)")
    (add_net "Net-(C5-Pad2)")
    (add_net "Net-(C6-Pad1)")
    (add_net "Net-(C9-Pad1)")
    (add_net "Net-(D1-Pad1)")
    (add_net "Net-(F1-Pad2)")
    (add_net "Net-(J4-Pad11)")
    (add_net "Net-(J4-Pad12)")
    (add_net "Net-(J4-Pad15)")
    (add_net "Net-(J4-Pad4)")
    (add_net "Net-(J4-Pad9)")
    (add_net "Net-(JP3-Pad1)")
    (add_net "Net-(JP6-Pad1)")
    (add_net "Net-(LS1-Pad2)")
    (add_net "Net-(Q1-Pad1)")
    (add_net "Net-(R3-Pad2)")
    (add_net "Net-(R4-Pad2)")
    (add_net "Net-(R5-Pad2)")
    (add_net "Net-(R6-Pad2)")
    (add_net "Net-(U1-Pad12)")
    (add_net "Net-(U1-Pad14)")
    (add_net "Net-(U1-Pad19)")
    (add_net "Net-(U1-Pad22)")
    (add_net "Net-(U1-Pad23)")
    (add_net "Net-(U1-Pad24)")
    (add_net "Net-(U1-Pad25)")
    (add_net "Net-(U1-Pad26)")
    (add_net "Net-(U1-Pad27)")
    (add_net "Net-(U3-Pad12)")
    (add_net "Net-(U3-Pad19)")
    (add_net "Net-(U3-Pad2)")
    (add_net "Net-(U3-Pad22)")
    (add_net "Net-(U3-Pad23)")
    (add_net "Net-(U3-Pad24)")
    (add_net "Net-(U3-Pad25)")
    (add_net "Net-(U3-Pad26)")
    (add_net "Net-(U3-Pad27)")
    (add_net "Net-(U3-Pad28)")
    (add_net "Net-(U3-Pad32)")
    (add_net "Net-(U3-Pad9)")
  )

  (module Capacitor_SMD:C_0603_1608Metric_Pad1.08x0.95mm_HandSolder (layer F.Cu) (tedit 5F68FEEF) (tstamp 6093B1A8)
    (at 89 107.5 90)
    (descr "Capacitor SMD 0603 (1608 Metric), square (rectangular) end terminal, IPC_7351 nominal with elongated pad for handsoldering. (Body size source: IPC-SM-782 page 76, https://www.pcb-3d.com/wordpress/wp-content/uploads/ipc-sm-782a_amendment_1_and_2.pdf), generated with kicad-footprint-generator")
    (tags "capacitor handsolder")
    (path /608E252B)
    (attr smd)
    (fp_text reference C1 (at 2.5 0 180) (layer F.SilkS)
      (effects (font (size 1 1) (thickness 0.15)))
    )
    (fp_text value 0.1uF (at 0 1.43 90) (layer F.Fab)
      (effects (font (size 1 1) (thickness 0.15)))
    )
    (fp_text user %R (at 0 0 90) (layer F.Fab)
      (effects (font (size 0.4 0.4) (thickness 0.06)))
    )
    (fp_line (start -0.8 0.4) (end -0.8 -0.4) (layer F.Fab) (width 0.1))
    (fp_line (start -0.8 -0.4) (end 0.8 -0.4) (layer F.Fab) (width 0.1))
    (fp_line (start 0.8 -0.4) (end 0.8 0.4) (layer F.Fab) (width 0.1))
    (fp_line (start 0.8 0.4) (end -0.8 0.4) (layer F.Fab) (width 0.1))
    (fp_line (start -0.146267 -0.51) (end 0.146267 -0.51) (layer F.SilkS) (width 0.12))
    (fp_line (start -0.146267 0.51) (end 0.146267 0.51) (layer F.SilkS) (width 0.12))
    (fp_line (start -1.65 0.73) (end -1.65 -0.73) (layer F.CrtYd) (width 0.05))
    (fp_line (start -1.65 -0.73) (end 1.65 -0.73) (layer F.CrtYd) (width 0.05))
    (fp_line (start 1.65 -0.73) (end 1.65 0.73) (layer F.CrtYd) (width 0.05))
    (fp_line (start 1.65 0.73) (end -1.65 0.73) (layer F.CrtYd) (width 0.05))
    (pad 2 smd roundrect (at 0.8625 0 90) (size 1.075 0.95) (layers F.Cu F.Paste F.Mask) (roundrect_rratio 0.25)
      (net 1 GND))
    (pad 1 smd roundrect (at -0.8625 0 90) (size 1.075 0.95) (layers F.Cu F.Paste F.Mask) (roundrect_rratio 0.25)
      (net 2 +5V))
    (model ${KISYS3DMOD}/Capacitor_SMD.3dshapes/C_0603_1608Metric.wrl
      (at (xyz 0 0 0))
      (scale (xyz 1 1 1))
      (rotate (xyz 0 0 0))
    )
  )

  (module Capacitor_SMD:C_0603_1608Metric_Pad1.08x0.95mm_HandSolder (layer F.Cu) (tedit 5F68FEEF) (tstamp 6093B1B9)
    (at 102 108 90)
    (descr "Capacitor SMD 0603 (1608 Metric), square (rectangular) end terminal, IPC_7351 nominal with elongated pad for handsoldering. (Body size source: IPC-SM-782 page 76, https://www.pcb-3d.com/wordpress/wp-content/uploads/ipc-sm-782a_amendment_1_and_2.pdf), generated with kicad-footprint-generator")
    (tags "capacitor handsolder")
    (path /608E2514)
    (attr smd)
    (fp_text reference C2 (at 2.25 0 180) (layer F.SilkS)
      (effects (font (size 1 1) (thickness 0.15)))
    )
    (fp_text value 0.1uF (at 0 1.43 90) (layer F.Fab)
      (effects (font (size 1 1) (thickness 0.15)))
    )
    (fp_line (start 1.65 0.73) (end -1.65 0.73) (layer F.CrtYd) (width 0.05))
    (fp_line (start 1.65 -0.73) (end 1.65 0.73) (layer F.CrtYd) (width 0.05))
    (fp_line (start -1.65 -0.73) (end 1.65 -0.73) (layer F.CrtYd) (width 0.05))
    (fp_line (start -1.65 0.73) (end -1.65 -0.73) (layer F.CrtYd) (width 0.05))
    (fp_line (start -0.146267 0.51) (end 0.146267 0.51) (layer F.SilkS) (width 0.12))
    (fp_line (start -0.146267 -0.51) (end 0.146267 -0.51) (layer F.SilkS) (width 0.12))
    (fp_line (start 0.8 0.4) (end -0.8 0.4) (layer F.Fab) (width 0.1))
    (fp_line (start 0.8 -0.4) (end 0.8 0.4) (layer F.Fab) (width 0.1))
    (fp_line (start -0.8 -0.4) (end 0.8 -0.4) (layer F.Fab) (width 0.1))
    (fp_line (start -0.8 0.4) (end -0.8 -0.4) (layer F.Fab) (width 0.1))
    (fp_text user %R (at 0 0 90) (layer F.Fab)
      (effects (font (size 0.4 0.4) (thickness 0.06)))
    )
    (pad 1 smd roundrect (at -0.8625 0 90) (size 1.075 0.95) (layers F.Cu F.Paste F.Mask) (roundrect_rratio 0.25)
      (net 3 "Net-(C2-Pad1)"))
    (pad 2 smd roundrect (at 0.8625 0 90) (size 1.075 0.95) (layers F.Cu F.Paste F.Mask) (roundrect_rratio 0.25)
      (net 1 GND))
    (model ${KISYS3DMOD}/Capacitor_SMD.3dshapes/C_0603_1608Metric.wrl
      (at (xyz 0 0 0))
      (scale (xyz 1 1 1))
      (rotate (xyz 0 0 0))
    )
  )

  (module Capacitor_SMD:C_0603_1608Metric_Pad1.08x0.95mm_HandSolder (layer F.Cu) (tedit 5F68FEEF) (tstamp 6093B1CA)
    (at 117.5 50.25 90)
    (descr "Capacitor SMD 0603 (1608 Metric), square (rectangular) end terminal, IPC_7351 nominal with elongated pad for handsoldering. (Body size source: IPC-SM-782 page 76, https://www.pcb-3d.com/wordpress/wp-content/uploads/ipc-sm-782a_amendment_1_and_2.pdf), generated with kicad-footprint-generator")
    (tags "capacitor handsolder")
    (path /6095E45F)
    (attr smd)
    (fp_text reference C3 (at 0 1.5 90) (layer F.SilkS)
      (effects (font (size 1 1) (thickness 0.15)))
    )
    (fp_text value 0.1uF (at 0 1.43 90) (layer F.Fab)
      (effects (font (size 1 1) (thickness 0.15)))
    )
    (fp_line (start 1.65 0.73) (end -1.65 0.73) (layer F.CrtYd) (width 0.05))
    (fp_line (start 1.65 -0.73) (end 1.65 0.73) (layer F.CrtYd) (width 0.05))
    (fp_line (start -1.65 -0.73) (end 1.65 -0.73) (layer F.CrtYd) (width 0.05))
    (fp_line (start -1.65 0.73) (end -1.65 -0.73) (layer F.CrtYd) (width 0.05))
    (fp_line (start -0.146267 0.51) (end 0.146267 0.51) (layer F.SilkS) (width 0.12))
    (fp_line (start -0.146267 -0.51) (end 0.146267 -0.51) (layer F.SilkS) (width 0.12))
    (fp_line (start 0.8 0.4) (end -0.8 0.4) (layer F.Fab) (width 0.1))
    (fp_line (start 0.8 -0.4) (end 0.8 0.4) (layer F.Fab) (width 0.1))
    (fp_line (start -0.8 -0.4) (end 0.8 -0.4) (layer F.Fab) (width 0.1))
    (fp_line (start -0.8 0.4) (end -0.8 -0.4) (layer F.Fab) (width 0.1))
    (fp_text user %R (at 0 0 90) (layer F.Fab)
      (effects (font (size 0.4 0.4) (thickness 0.06)))
    )
    (pad 1 smd roundrect (at -0.8625 0 90) (size 1.075 0.95) (layers F.Cu F.Paste F.Mask) (roundrect_rratio 0.25)
      (net 4 +12V))
    (pad 2 smd roundrect (at 0.8625 0 90) (size 1.075 0.95) (layers F.Cu F.Paste F.Mask) (roundrect_rratio 0.25)
      (net 1 GND))
    (model ${KISYS3DMOD}/Capacitor_SMD.3dshapes/C_0603_1608Metric.wrl
      (at (xyz 0 0 0))
      (scale (xyz 1 1 1))
      (rotate (xyz 0 0 0))
    )
  )

  (module Capacitor_SMD:C_0603_1608Metric_Pad1.08x0.95mm_HandSolder (layer F.Cu) (tedit 5F68FEEF) (tstamp 6093B1DB)
    (at 79.5 106.25)
    (descr "Capacitor SMD 0603 (1608 Metric), square (rectangular) end terminal, IPC_7351 nominal with elongated pad for handsoldering. (Body size source: IPC-SM-782 page 76, https://www.pcb-3d.com/wordpress/wp-content/uploads/ipc-sm-782a_amendment_1_and_2.pdf), generated with kicad-footprint-generator")
    (tags "capacitor handsolder")
    (path /608E24F7)
    (attr smd)
    (fp_text reference C4 (at 0 -1.43) (layer F.SilkS)
      (effects (font (size 1 1) (thickness 0.15)))
    )
    (fp_text value 18pF (at 0 1.43) (layer F.Fab)
      (effects (font (size 1 1) (thickness 0.15)))
    )
    (fp_text user %R (at 0 0) (layer F.Fab)
      (effects (font (size 0.4 0.4) (thickness 0.06)))
    )
    (fp_line (start -0.8 0.4) (end -0.8 -0.4) (layer F.Fab) (width 0.1))
    (fp_line (start -0.8 -0.4) (end 0.8 -0.4) (layer F.Fab) (width 0.1))
    (fp_line (start 0.8 -0.4) (end 0.8 0.4) (layer F.Fab) (width 0.1))
    (fp_line (start 0.8 0.4) (end -0.8 0.4) (layer F.Fab) (width 0.1))
    (fp_line (start -0.146267 -0.51) (end 0.146267 -0.51) (layer F.SilkS) (width 0.12))
    (fp_line (start -0.146267 0.51) (end 0.146267 0.51) (layer F.SilkS) (width 0.12))
    (fp_line (start -1.65 0.73) (end -1.65 -0.73) (layer F.CrtYd) (width 0.05))
    (fp_line (start -1.65 -0.73) (end 1.65 -0.73) (layer F.CrtYd) (width 0.05))
    (fp_line (start 1.65 -0.73) (end 1.65 0.73) (layer F.CrtYd) (width 0.05))
    (fp_line (start 1.65 0.73) (end -1.65 0.73) (layer F.CrtYd) (width 0.05))
    (pad 2 smd roundrect (at 0.8625 0) (size 1.075 0.95) (layers F.Cu F.Paste F.Mask) (roundrect_rratio 0.25)
      (net 5 "Net-(C4-Pad2)"))
    (pad 1 smd roundrect (at -0.8625 0) (size 1.075 0.95) (layers F.Cu F.Paste F.Mask) (roundrect_rratio 0.25)
      (net 1 GND))
    (model ${KISYS3DMOD}/Capacitor_SMD.3dshapes/C_0603_1608Metric.wrl
      (at (xyz 0 0 0))
      (scale (xyz 1 1 1))
      (rotate (xyz 0 0 0))
    )
  )

  (module Capacitor_SMD:C_0603_1608Metric_Pad1.08x0.95mm_HandSolder (layer F.Cu) (tedit 5F68FEEF) (tstamp 6093B1EC)
    (at 79.5 111.25)
    (descr "Capacitor SMD 0603 (1608 Metric), square (rectangular) end terminal, IPC_7351 nominal with elongated pad for handsoldering. (Body size source: IPC-SM-782 page 76, https://www.pcb-3d.com/wordpress/wp-content/uploads/ipc-sm-782a_amendment_1_and_2.pdf), generated with kicad-footprint-generator")
    (tags "capacitor handsolder")
    (path /608E24F1)
    (attr smd)
    (fp_text reference C5 (at 0 -1.43) (layer F.SilkS)
      (effects (font (size 1 1) (thickness 0.15)))
    )
    (fp_text value 18pF (at 0 1.43) (layer F.Fab)
      (effects (font (size 1 1) (thickness 0.15)))
    )
    (fp_line (start 1.65 0.73) (end -1.65 0.73) (layer F.CrtYd) (width 0.05))
    (fp_line (start 1.65 -0.73) (end 1.65 0.73) (layer F.CrtYd) (width 0.05))
    (fp_line (start -1.65 -0.73) (end 1.65 -0.73) (layer F.CrtYd) (width 0.05))
    (fp_line (start -1.65 0.73) (end -1.65 -0.73) (layer F.CrtYd) (width 0.05))
    (fp_line (start -0.146267 0.51) (end 0.146267 0.51) (layer F.SilkS) (width 0.12))
    (fp_line (start -0.146267 -0.51) (end 0.146267 -0.51) (layer F.SilkS) (width 0.12))
    (fp_line (start 0.8 0.4) (end -0.8 0.4) (layer F.Fab) (width 0.1))
    (fp_line (start 0.8 -0.4) (end 0.8 0.4) (layer F.Fab) (width 0.1))
    (fp_line (start -0.8 -0.4) (end 0.8 -0.4) (layer F.Fab) (width 0.1))
    (fp_line (start -0.8 0.4) (end -0.8 -0.4) (layer F.Fab) (width 0.1))
    (fp_text user %R (at 0 0) (layer F.Fab)
      (effects (font (size 0.4 0.4) (thickness 0.06)))
    )
    (pad 1 smd roundrect (at -0.8625 0) (size 1.075 0.95) (layers F.Cu F.Paste F.Mask) (roundrect_rratio 0.25)
      (net 1 GND))
    (pad 2 smd roundrect (at 0.8625 0) (size 1.075 0.95) (layers F.Cu F.Paste F.Mask) (roundrect_rratio 0.25)
      (net 6 "Net-(C5-Pad2)"))
    (model ${KISYS3DMOD}/Capacitor_SMD.3dshapes/C_0603_1608Metric.wrl
      (at (xyz 0 0 0))
      (scale (xyz 1 1 1))
      (rotate (xyz 0 0 0))
    )
  )

  (module Capacitor_THT:CP_Radial_D5.0mm_P2.50mm (layer F.Cu) (tedit 5AE50EF0) (tstamp 6093B270)
    (at 105.5 53 90)
    (descr "CP, Radial series, Radial, pin pitch=2.50mm, , diameter=5mm, Electrolytic Capacitor")
    (tags "CP Radial series Radial pin pitch 2.50mm  diameter 5mm Electrolytic Capacitor")
    (path /60951253)
    (fp_text reference C6 (at 1.25 -3.75 90) (layer F.SilkS)
      (effects (font (size 1 1) (thickness 0.15)))
    )
    (fp_text value 47uF (at 1.25 3.75 90) (layer F.Fab)
      (effects (font (size 1 1) (thickness 0.15)))
    )
    (fp_line (start -1.304775 -1.725) (end -1.304775 -1.225) (layer F.SilkS) (width 0.12))
    (fp_line (start -1.554775 -1.475) (end -1.054775 -1.475) (layer F.SilkS) (width 0.12))
    (fp_line (start 3.851 -0.284) (end 3.851 0.284) (layer F.SilkS) (width 0.12))
    (fp_line (start 3.811 -0.518) (end 3.811 0.518) (layer F.SilkS) (width 0.12))
    (fp_line (start 3.771 -0.677) (end 3.771 0.677) (layer F.SilkS) (width 0.12))
    (fp_line (start 3.731 -0.805) (end 3.731 0.805) (layer F.SilkS) (width 0.12))
    (fp_line (start 3.691 -0.915) (end 3.691 0.915) (layer F.SilkS) (width 0.12))
    (fp_line (start 3.651 -1.011) (end 3.651 1.011) (layer F.SilkS) (width 0.12))
    (fp_line (start 3.611 -1.098) (end 3.611 1.098) (layer F.SilkS) (width 0.12))
    (fp_line (start 3.571 -1.178) (end 3.571 1.178) (layer F.SilkS) (width 0.12))
    (fp_line (start 3.531 1.04) (end 3.531 1.251) (layer F.SilkS) (width 0.12))
    (fp_line (start 3.531 -1.251) (end 3.531 -1.04) (layer F.SilkS) (width 0.12))
    (fp_line (start 3.491 1.04) (end 3.491 1.319) (layer F.SilkS) (width 0.12))
    (fp_line (start 3.491 -1.319) (end 3.491 -1.04) (layer F.SilkS) (width 0.12))
    (fp_line (start 3.451 1.04) (end 3.451 1.383) (layer F.SilkS) (width 0.12))
    (fp_line (start 3.451 -1.383) (end 3.451 -1.04) (layer F.SilkS) (width 0.12))
    (fp_line (start 3.411 1.04) (end 3.411 1.443) (layer F.SilkS) (width 0.12))
    (fp_line (start 3.411 -1.443) (end 3.411 -1.04) (layer F.SilkS) (width 0.12))
    (fp_line (start 3.371 1.04) (end 3.371 1.5) (layer F.SilkS) (width 0.12))
    (fp_line (start 3.371 -1.5) (end 3.371 -1.04) (layer F.SilkS) (width 0.12))
    (fp_line (start 3.331 1.04) (end 3.331 1.554) (layer F.SilkS) (width 0.12))
    (fp_line (start 3.331 -1.554) (end 3.331 -1.04) (layer F.SilkS) (width 0.12))
    (fp_line (start 3.291 1.04) (end 3.291 1.605) (layer F.SilkS) (width 0.12))
    (fp_line (start 3.291 -1.605) (end 3.291 -1.04) (layer F.SilkS) (width 0.12))
    (fp_line (start 3.251 1.04) (end 3.251 1.653) (layer F.SilkS) (width 0.12))
    (fp_line (start 3.251 -1.653) (end 3.251 -1.04) (layer F.SilkS) (width 0.12))
    (fp_line (start 3.211 1.04) (end 3.211 1.699) (layer F.SilkS) (width 0.12))
    (fp_line (start 3.211 -1.699) (end 3.211 -1.04) (layer F.SilkS) (width 0.12))
    (fp_line (start 3.171 1.04) (end 3.171 1.743) (layer F.SilkS) (width 0.12))
    (fp_line (start 3.171 -1.743) (end 3.171 -1.04) (layer F.SilkS) (width 0.12))
    (fp_line (start 3.131 1.04) (end 3.131 1.785) (layer F.SilkS) (width 0.12))
    (fp_line (start 3.131 -1.785) (end 3.131 -1.04) (layer F.SilkS) (width 0.12))
    (fp_line (start 3.091 1.04) (end 3.091 1.826) (layer F.SilkS) (width 0.12))
    (fp_line (start 3.091 -1.826) (end 3.091 -1.04) (layer F.SilkS) (width 0.12))
    (fp_line (start 3.051 1.04) (end 3.051 1.864) (layer F.SilkS) (width 0.12))
    (fp_line (start 3.051 -1.864) (end 3.051 -1.04) (layer F.SilkS) (width 0.12))
    (fp_line (start 3.011 1.04) (end 3.011 1.901) (layer F.SilkS) (width 0.12))
    (fp_line (start 3.011 -1.901) (end 3.011 -1.04) (layer F.SilkS) (width 0.12))
    (fp_line (start 2.971 1.04) (end 2.971 1.937) (layer F.SilkS) (width 0.12))
    (fp_line (start 2.971 -1.937) (end 2.971 -1.04) (layer F.SilkS) (width 0.12))
    (fp_line (start 2.931 1.04) (end 2.931 1.971) (layer F.SilkS) (width 0.12))
    (fp_line (start 2.931 -1.971) (end 2.931 -1.04) (layer F.SilkS) (width 0.12))
    (fp_line (start 2.891 1.04) (end 2.891 2.004) (layer F.SilkS) (width 0.12))
    (fp_line (start 2.891 -2.004) (end 2.891 -1.04) (layer F.SilkS) (width 0.12))
    (fp_line (start 2.851 1.04) (end 2.851 2.035) (layer F.SilkS) (width 0.12))
    (fp_line (start 2.851 -2.035) (end 2.851 -1.04) (layer F.SilkS) (width 0.12))
    (fp_line (start 2.811 1.04) (end 2.811 2.065) (layer F.SilkS) (width 0.12))
    (fp_line (start 2.811 -2.065) (end 2.811 -1.04) (layer F.SilkS) (width 0.12))
    (fp_line (start 2.771 1.04) (end 2.771 2.095) (layer F.SilkS) (width 0.12))
    (fp_line (start 2.771 -2.095) (end 2.771 -1.04) (layer F.SilkS) (width 0.12))
    (fp_line (start 2.731 1.04) (end 2.731 2.122) (layer F.SilkS) (width 0.12))
    (fp_line (start 2.731 -2.122) (end 2.731 -1.04) (layer F.SilkS) (width 0.12))
    (fp_line (start 2.691 1.04) (end 2.691 2.149) (layer F.SilkS) (width 0.12))
    (fp_line (start 2.691 -2.149) (end 2.691 -1.04) (layer F.SilkS) (width 0.12))
    (fp_line (start 2.651 1.04) (end 2.651 2.175) (layer F.SilkS) (width 0.12))
    (fp_line (start 2.651 -2.175) (end 2.651 -1.04) (layer F.SilkS) (width 0.12))
    (fp_line (start 2.611 1.04) (end 2.611 2.2) (layer F.SilkS) (width 0.12))
    (fp_line (start 2.611 -2.2) (end 2.611 -1.04) (layer F.SilkS) (width 0.12))
    (fp_line (start 2.571 1.04) (end 2.571 2.224) (layer F.SilkS) (width 0.12))
    (fp_line (start 2.571 -2.224) (end 2.571 -1.04) (layer F.SilkS) (width 0.12))
    (fp_line (start 2.531 1.04) (end 2.531 2.247) (layer F.SilkS) (width 0.12))
    (fp_line (start 2.531 -2.247) (end 2.531 -1.04) (layer F.SilkS) (width 0.12))
    (fp_line (start 2.491 1.04) (end 2.491 2.268) (layer F.SilkS) (width 0.12))
    (fp_line (start 2.491 -2.268) (end 2.491 -1.04) (layer F.SilkS) (width 0.12))
    (fp_line (start 2.451 1.04) (end 2.451 2.29) (layer F.SilkS) (width 0.12))
    (fp_line (start 2.451 -2.29) (end 2.451 -1.04) (layer F.SilkS) (width 0.12))
    (fp_line (start 2.411 1.04) (end 2.411 2.31) (layer F.SilkS) (width 0.12))
    (fp_line (start 2.411 -2.31) (end 2.411 -1.04) (layer F.SilkS) (width 0.12))
    (fp_line (start 2.371 1.04) (end 2.371 2.329) (layer F.SilkS) (width 0.12))
    (fp_line (start 2.371 -2.329) (end 2.371 -1.04) (layer F.SilkS) (width 0.12))
    (fp_line (start 2.331 1.04) (end 2.331 2.348) (layer F.SilkS) (width 0.12))
    (fp_line (start 2.331 -2.348) (end 2.331 -1.04) (layer F.SilkS) (width 0.12))
    (fp_line (start 2.291 1.04) (end 2.291 2.365) (layer F.SilkS) (width 0.12))
    (fp_line (start 2.291 -2.365) (end 2.291 -1.04) (layer F.SilkS) (width 0.12))
    (fp_line (start 2.251 1.04) (end 2.251 2.382) (layer F.SilkS) (width 0.12))
    (fp_line (start 2.251 -2.382) (end 2.251 -1.04) (layer F.SilkS) (width 0.12))
    (fp_line (start 2.211 1.04) (end 2.211 2.398) (layer F.SilkS) (width 0.12))
    (fp_line (start 2.211 -2.398) (end 2.211 -1.04) (layer F.SilkS) (width 0.12))
    (fp_line (start 2.171 1.04) (end 2.171 2.414) (layer F.SilkS) (width 0.12))
    (fp_line (start 2.171 -2.414) (end 2.171 -1.04) (layer F.SilkS) (width 0.12))
    (fp_line (start 2.131 1.04) (end 2.131 2.428) (layer F.SilkS) (width 0.12))
    (fp_line (start 2.131 -2.428) (end 2.131 -1.04) (layer F.SilkS) (width 0.12))
    (fp_line (start 2.091 1.04) (end 2.091 2.442) (layer F.SilkS) (width 0.12))
    (fp_line (start 2.091 -2.442) (end 2.091 -1.04) (layer F.SilkS) (width 0.12))
    (fp_line (start 2.051 1.04) (end 2.051 2.455) (layer F.SilkS) (width 0.12))
    (fp_line (start 2.051 -2.455) (end 2.051 -1.04) (layer F.SilkS) (width 0.12))
    (fp_line (start 2.011 1.04) (end 2.011 2.468) (layer F.SilkS) (width 0.12))
    (fp_line (start 2.011 -2.468) (end 2.011 -1.04) (layer F.SilkS) (width 0.12))
    (fp_line (start 1.971 1.04) (end 1.971 2.48) (layer F.SilkS) (width 0.12))
    (fp_line (start 1.971 -2.48) (end 1.971 -1.04) (layer F.SilkS) (width 0.12))
    (fp_line (start 1.93 1.04) (end 1.93 2.491) (layer F.SilkS) (width 0.12))
    (fp_line (start 1.93 -2.491) (end 1.93 -1.04) (layer F.SilkS) (width 0.12))
    (fp_line (start 1.89 1.04) (end 1.89 2.501) (layer F.SilkS) (width 0.12))
    (fp_line (start 1.89 -2.501) (end 1.89 -1.04) (layer F.SilkS) (width 0.12))
    (fp_line (start 1.85 1.04) (end 1.85 2.511) (layer F.SilkS) (width 0.12))
    (fp_line (start 1.85 -2.511) (end 1.85 -1.04) (layer F.SilkS) (width 0.12))
    (fp_line (start 1.81 1.04) (end 1.81 2.52) (layer F.SilkS) (width 0.12))
    (fp_line (start 1.81 -2.52) (end 1.81 -1.04) (layer F.SilkS) (width 0.12))
    (fp_line (start 1.77 1.04) (end 1.77 2.528) (layer F.SilkS) (width 0.12))
    (fp_line (start 1.77 -2.528) (end 1.77 -1.04) (layer F.SilkS) (width 0.12))
    (fp_line (start 1.73 1.04) (end 1.73 2.536) (layer F.SilkS) (width 0.12))
    (fp_line (start 1.73 -2.536) (end 1.73 -1.04) (layer F.SilkS) (width 0.12))
    (fp_line (start 1.69 1.04) (end 1.69 2.543) (layer F.SilkS) (width 0.12))
    (fp_line (start 1.69 -2.543) (end 1.69 -1.04) (layer F.SilkS) (width 0.12))
    (fp_line (start 1.65 1.04) (end 1.65 2.55) (layer F.SilkS) (width 0.12))
    (fp_line (start 1.65 -2.55) (end 1.65 -1.04) (layer F.SilkS) (width 0.12))
    (fp_line (start 1.61 1.04) (end 1.61 2.556) (layer F.SilkS) (width 0.12))
    (fp_line (start 1.61 -2.556) (end 1.61 -1.04) (layer F.SilkS) (width 0.12))
    (fp_line (start 1.57 1.04) (end 1.57 2.561) (layer F.SilkS) (width 0.12))
    (fp_line (start 1.57 -2.561) (end 1.57 -1.04) (layer F.SilkS) (width 0.12))
    (fp_line (start 1.53 1.04) (end 1.53 2.565) (layer F.SilkS) (width 0.12))
    (fp_line (start 1.53 -2.565) (end 1.53 -1.04) (layer F.SilkS) (width 0.12))
    (fp_line (start 1.49 1.04) (end 1.49 2.569) (layer F.SilkS) (width 0.12))
    (fp_line (start 1.49 -2.569) (end 1.49 -1.04) (layer F.SilkS) (width 0.12))
    (fp_line (start 1.45 -2.573) (end 1.45 2.573) (layer F.SilkS) (width 0.12))
    (fp_line (start 1.41 -2.576) (end 1.41 2.576) (layer F.SilkS) (width 0.12))
    (fp_line (start 1.37 -2.578) (end 1.37 2.578) (layer F.SilkS) (width 0.12))
    (fp_line (start 1.33 -2.579) (end 1.33 2.579) (layer F.SilkS) (width 0.12))
    (fp_line (start 1.29 -2.58) (end 1.29 2.58) (layer F.SilkS) (width 0.12))
    (fp_line (start 1.25 -2.58) (end 1.25 2.58) (layer F.SilkS) (width 0.12))
    (fp_line (start -0.633605 -1.3375) (end -0.633605 -0.8375) (layer F.Fab) (width 0.1))
    (fp_line (start -0.883605 -1.0875) (end -0.383605 -1.0875) (layer F.Fab) (width 0.1))
    (fp_circle (center 1.25 0) (end 4 0) (layer F.CrtYd) (width 0.05))
    (fp_circle (center 1.25 0) (end 3.87 0) (layer F.SilkS) (width 0.12))
    (fp_circle (center 1.25 0) (end 3.75 0) (layer F.Fab) (width 0.1))
    (fp_text user %R (at 1.25 0 90) (layer F.Fab)
      (effects (font (size 1 1) (thickness 0.15)))
    )
    (pad 1 thru_hole rect (at 0 0 90) (size 1.6 1.6) (drill 0.8) (layers *.Cu *.Mask)
      (net 7 "Net-(C6-Pad1)"))
    (pad 2 thru_hole circle (at 2.5 0 90) (size 1.6 1.6) (drill 0.8) (layers *.Cu *.Mask)
      (net 1 GND))
    (model ${KISYS3DMOD}/Capacitor_THT.3dshapes/CP_Radial_D5.0mm_P2.50mm.wrl
      (at (xyz 0 0 0))
      (scale (xyz 1 1 1))
      (rotate (xyz 0 0 0))
    )
  )

  (module Capacitor_SMD:C_0603_1608Metric_Pad1.08x0.95mm_HandSolder (layer F.Cu) (tedit 5F68FEEF) (tstamp 6093B281)
    (at 102.25 56.75 180)
    (descr "Capacitor SMD 0603 (1608 Metric), square (rectangular) end terminal, IPC_7351 nominal with elongated pad for handsoldering. (Body size source: IPC-SM-782 page 76, https://www.pcb-3d.com/wordpress/wp-content/uploads/ipc-sm-782a_amendment_1_and_2.pdf), generated with kicad-footprint-generator")
    (tags "capacitor handsolder")
    (path /60954434)
    (attr smd)
    (fp_text reference C7 (at 0 -1.43) (layer F.SilkS)
      (effects (font (size 1 1) (thickness 0.15)))
    )
    (fp_text value 0.1uF (at 0 1.43) (layer F.Fab)
      (effects (font (size 1 1) (thickness 0.15)))
    )
    (fp_line (start 1.65 0.73) (end -1.65 0.73) (layer F.CrtYd) (width 0.05))
    (fp_line (start 1.65 -0.73) (end 1.65 0.73) (layer F.CrtYd) (width 0.05))
    (fp_line (start -1.65 -0.73) (end 1.65 -0.73) (layer F.CrtYd) (width 0.05))
    (fp_line (start -1.65 0.73) (end -1.65 -0.73) (layer F.CrtYd) (width 0.05))
    (fp_line (start -0.146267 0.51) (end 0.146267 0.51) (layer F.SilkS) (width 0.12))
    (fp_line (start -0.146267 -0.51) (end 0.146267 -0.51) (layer F.SilkS) (width 0.12))
    (fp_line (start 0.8 0.4) (end -0.8 0.4) (layer F.Fab) (width 0.1))
    (fp_line (start 0.8 -0.4) (end 0.8 0.4) (layer F.Fab) (width 0.1))
    (fp_line (start -0.8 -0.4) (end 0.8 -0.4) (layer F.Fab) (width 0.1))
    (fp_line (start -0.8 0.4) (end -0.8 -0.4) (layer F.Fab) (width 0.1))
    (fp_text user %R (at 0 0) (layer F.Fab)
      (effects (font (size 0.4 0.4) (thickness 0.06)))
    )
    (pad 1 smd roundrect (at -0.8625 0 180) (size 1.075 0.95) (layers F.Cu F.Paste F.Mask) (roundrect_rratio 0.25)
      (net 7 "Net-(C6-Pad1)"))
    (pad 2 smd roundrect (at 0.8625 0 180) (size 1.075 0.95) (layers F.Cu F.Paste F.Mask) (roundrect_rratio 0.25)
      (net 1 GND))
    (model ${KISYS3DMOD}/Capacitor_SMD.3dshapes/C_0603_1608Metric.wrl
      (at (xyz 0 0 0))
      (scale (xyz 1 1 1))
      (rotate (xyz 0 0 0))
    )
  )

  (module Capacitor_SMD:C_0603_1608Metric_Pad1.08x0.95mm_HandSolder (layer F.Cu) (tedit 5F68FEEF) (tstamp 6093B292)
    (at 89.25 89.25 90)
    (descr "Capacitor SMD 0603 (1608 Metric), square (rectangular) end terminal, IPC_7351 nominal with elongated pad for handsoldering. (Body size source: IPC-SM-782 page 76, https://www.pcb-3d.com/wordpress/wp-content/uploads/ipc-sm-782a_amendment_1_and_2.pdf), generated with kicad-footprint-generator")
    (tags "capacitor handsolder")
    (path /609AE33E)
    (attr smd)
    (fp_text reference C8 (at 2.25 0 180) (layer F.SilkS)
      (effects (font (size 1 1) (thickness 0.15)))
    )
    (fp_text value 0.1uF (at 0 1.43 90) (layer F.Fab)
      (effects (font (size 1 1) (thickness 0.15)))
    )
    (fp_text user %R (at 0 0 90) (layer F.Fab)
      (effects (font (size 0.4 0.4) (thickness 0.06)))
    )
    (fp_line (start -0.8 0.4) (end -0.8 -0.4) (layer F.Fab) (width 0.1))
    (fp_line (start -0.8 -0.4) (end 0.8 -0.4) (layer F.Fab) (width 0.1))
    (fp_line (start 0.8 -0.4) (end 0.8 0.4) (layer F.Fab) (width 0.1))
    (fp_line (start 0.8 0.4) (end -0.8 0.4) (layer F.Fab) (width 0.1))
    (fp_line (start -0.146267 -0.51) (end 0.146267 -0.51) (layer F.SilkS) (width 0.12))
    (fp_line (start -0.146267 0.51) (end 0.146267 0.51) (layer F.SilkS) (width 0.12))
    (fp_line (start -1.65 0.73) (end -1.65 -0.73) (layer F.CrtYd) (width 0.05))
    (fp_line (start -1.65 -0.73) (end 1.65 -0.73) (layer F.CrtYd) (width 0.05))
    (fp_line (start 1.65 -0.73) (end 1.65 0.73) (layer F.CrtYd) (width 0.05))
    (fp_line (start 1.65 0.73) (end -1.65 0.73) (layer F.CrtYd) (width 0.05))
    (pad 2 smd roundrect (at 0.8625 0 90) (size 1.075 0.95) (layers F.Cu F.Paste F.Mask) (roundrect_rratio 0.25)
      (net 1 GND))
    (pad 1 smd roundrect (at -0.8625 0 90) (size 1.075 0.95) (layers F.Cu F.Paste F.Mask) (roundrect_rratio 0.25)
      (net 2 +5V))
    (model ${KISYS3DMOD}/Capacitor_SMD.3dshapes/C_0603_1608Metric.wrl
      (at (xyz 0 0 0))
      (scale (xyz 1 1 1))
      (rotate (xyz 0 0 0))
    )
  )

  (module Capacitor_SMD:C_0603_1608Metric_Pad1.08x0.95mm_HandSolder (layer F.Cu) (tedit 5F68FEEF) (tstamp 6093B2A3)
    (at 102.25 89.75 90)
    (descr "Capacitor SMD 0603 (1608 Metric), square (rectangular) end terminal, IPC_7351 nominal with elongated pad for handsoldering. (Body size source: IPC-SM-782 page 76, https://www.pcb-3d.com/wordpress/wp-content/uploads/ipc-sm-782a_amendment_1_and_2.pdf), generated with kicad-footprint-generator")
    (tags "capacitor handsolder")
    (path /609AE327)
    (attr smd)
    (fp_text reference C9 (at 2.25 0 180) (layer F.SilkS)
      (effects (font (size 1 1) (thickness 0.15)))
    )
    (fp_text value 0.1uF (at 0 1.43 90) (layer F.Fab)
      (effects (font (size 1 1) (thickness 0.15)))
    )
    (fp_line (start 1.65 0.73) (end -1.65 0.73) (layer F.CrtYd) (width 0.05))
    (fp_line (start 1.65 -0.73) (end 1.65 0.73) (layer F.CrtYd) (width 0.05))
    (fp_line (start -1.65 -0.73) (end 1.65 -0.73) (layer F.CrtYd) (width 0.05))
    (fp_line (start -1.65 0.73) (end -1.65 -0.73) (layer F.CrtYd) (width 0.05))
    (fp_line (start -0.146267 0.51) (end 0.146267 0.51) (layer F.SilkS) (width 0.12))
    (fp_line (start -0.146267 -0.51) (end 0.146267 -0.51) (layer F.SilkS) (width 0.12))
    (fp_line (start 0.8 0.4) (end -0.8 0.4) (layer F.Fab) (width 0.1))
    (fp_line (start 0.8 -0.4) (end 0.8 0.4) (layer F.Fab) (width 0.1))
    (fp_line (start -0.8 -0.4) (end 0.8 -0.4) (layer F.Fab) (width 0.1))
    (fp_line (start -0.8 0.4) (end -0.8 -0.4) (layer F.Fab) (width 0.1))
    (fp_text user %R (at 0 0 90) (layer F.Fab)
      (effects (font (size 0.4 0.4) (thickness 0.06)))
    )
    (pad 1 smd roundrect (at -0.8625 0 90) (size 1.075 0.95) (layers F.Cu F.Paste F.Mask) (roundrect_rratio 0.25)
      (net 8 "Net-(C9-Pad1)"))
    (pad 2 smd roundrect (at 0.8625 0 90) (size 1.075 0.95) (layers F.Cu F.Paste F.Mask) (roundrect_rratio 0.25)
      (net 1 GND))
    (model ${KISYS3DMOD}/Capacitor_SMD.3dshapes/C_0603_1608Metric.wrl
      (at (xyz 0 0 0))
      (scale (xyz 1 1 1))
      (rotate (xyz 0 0 0))
    )
  )

  (module Capacitor_SMD:C_0603_1608Metric_Pad1.08x0.95mm_HandSolder (layer F.Cu) (tedit 5F68FEEF) (tstamp 6093B2B4)
    (at 102.25 61.25 180)
    (descr "Capacitor SMD 0603 (1608 Metric), square (rectangular) end terminal, IPC_7351 nominal with elongated pad for handsoldering. (Body size source: IPC-SM-782 page 76, https://www.pcb-3d.com/wordpress/wp-content/uploads/ipc-sm-782a_amendment_1_and_2.pdf), generated with kicad-footprint-generator")
    (tags "capacitor handsolder")
    (path /60966D52)
    (attr smd)
    (fp_text reference C10 (at 0 -1.43) (layer F.SilkS)
      (effects (font (size 1 1) (thickness 0.15)))
    )
    (fp_text value 0.1uF (at 0 1.43) (layer F.Fab)
      (effects (font (size 1 1) (thickness 0.15)))
    )
    (fp_text user %R (at 0 0) (layer F.Fab)
      (effects (font (size 0.4 0.4) (thickness 0.06)))
    )
    (fp_line (start -0.8 0.4) (end -0.8 -0.4) (layer F.Fab) (width 0.1))
    (fp_line (start -0.8 -0.4) (end 0.8 -0.4) (layer F.Fab) (width 0.1))
    (fp_line (start 0.8 -0.4) (end 0.8 0.4) (layer F.Fab) (width 0.1))
    (fp_line (start 0.8 0.4) (end -0.8 0.4) (layer F.Fab) (width 0.1))
    (fp_line (start -0.146267 -0.51) (end 0.146267 -0.51) (layer F.SilkS) (width 0.12))
    (fp_line (start -0.146267 0.51) (end 0.146267 0.51) (layer F.SilkS) (width 0.12))
    (fp_line (start -1.65 0.73) (end -1.65 -0.73) (layer F.CrtYd) (width 0.05))
    (fp_line (start -1.65 -0.73) (end 1.65 -0.73) (layer F.CrtYd) (width 0.05))
    (fp_line (start 1.65 -0.73) (end 1.65 0.73) (layer F.CrtYd) (width 0.05))
    (fp_line (start 1.65 0.73) (end -1.65 0.73) (layer F.CrtYd) (width 0.05))
    (pad 2 smd roundrect (at 0.8625 0 180) (size 1.075 0.95) (layers F.Cu F.Paste F.Mask) (roundrect_rratio 0.25)
      (net 1 GND))
    (pad 1 smd roundrect (at -0.8625 0 180) (size 1.075 0.95) (layers F.Cu F.Paste F.Mask) (roundrect_rratio 0.25)
      (net 2 +5V))
    (model ${KISYS3DMOD}/Capacitor_SMD.3dshapes/C_0603_1608Metric.wrl
      (at (xyz 0 0 0))
      (scale (xyz 1 1 1))
      (rotate (xyz 0 0 0))
    )
  )

  (module Capacitor_SMD:C_0603_1608Metric_Pad1.08x0.95mm_HandSolder (layer F.Cu) (tedit 5F68FEEF) (tstamp 6093B2C5)
    (at 79.75 88)
    (descr "Capacitor SMD 0603 (1608 Metric), square (rectangular) end terminal, IPC_7351 nominal with elongated pad for handsoldering. (Body size source: IPC-SM-782 page 76, https://www.pcb-3d.com/wordpress/wp-content/uploads/ipc-sm-782a_amendment_1_and_2.pdf), generated with kicad-footprint-generator")
    (tags "capacitor handsolder")
    (path /609AE2CE)
    (attr smd)
    (fp_text reference C11 (at 0 -1.43) (layer F.SilkS)
      (effects (font (size 1 1) (thickness 0.15)))
    )
    (fp_text value 18pF (at 0 1.43) (layer F.Fab)
      (effects (font (size 1 1) (thickness 0.15)))
    )
    (fp_text user %R (at 0 0) (layer F.Fab)
      (effects (font (size 0.4 0.4) (thickness 0.06)))
    )
    (fp_line (start -0.8 0.4) (end -0.8 -0.4) (layer F.Fab) (width 0.1))
    (fp_line (start -0.8 -0.4) (end 0.8 -0.4) (layer F.Fab) (width 0.1))
    (fp_line (start 0.8 -0.4) (end 0.8 0.4) (layer F.Fab) (width 0.1))
    (fp_line (start 0.8 0.4) (end -0.8 0.4) (layer F.Fab) (width 0.1))
    (fp_line (start -0.146267 -0.51) (end 0.146267 -0.51) (layer F.SilkS) (width 0.12))
    (fp_line (start -0.146267 0.51) (end 0.146267 0.51) (layer F.SilkS) (width 0.12))
    (fp_line (start -1.65 0.73) (end -1.65 -0.73) (layer F.CrtYd) (width 0.05))
    (fp_line (start -1.65 -0.73) (end 1.65 -0.73) (layer F.CrtYd) (width 0.05))
    (fp_line (start 1.65 -0.73) (end 1.65 0.73) (layer F.CrtYd) (width 0.05))
    (fp_line (start 1.65 0.73) (end -1.65 0.73) (layer F.CrtYd) (width 0.05))
    (pad 2 smd roundrect (at 0.8625 0) (size 1.075 0.95) (layers F.Cu F.Paste F.Mask) (roundrect_rratio 0.25)
      (net 9 "Net-(C11-Pad2)"))
    (pad 1 smd roundrect (at -0.8625 0) (size 1.075 0.95) (layers F.Cu F.Paste F.Mask) (roundrect_rratio 0.25)
      (net 1 GND))
    (model ${KISYS3DMOD}/Capacitor_SMD.3dshapes/C_0603_1608Metric.wrl
      (at (xyz 0 0 0))
      (scale (xyz 1 1 1))
      (rotate (xyz 0 0 0))
    )
  )

  (module Capacitor_SMD:C_0603_1608Metric_Pad1.08x0.95mm_HandSolder (layer F.Cu) (tedit 5F68FEEF) (tstamp 6093B2D6)
    (at 79.75 93)
    (descr "Capacitor SMD 0603 (1608 Metric), square (rectangular) end terminal, IPC_7351 nominal with elongated pad for handsoldering. (Body size source: IPC-SM-782 page 76, https://www.pcb-3d.com/wordpress/wp-content/uploads/ipc-sm-782a_amendment_1_and_2.pdf), generated with kicad-footprint-generator")
    (tags "capacitor handsolder")
    (path /609AE2C8)
    (attr smd)
    (fp_text reference C12 (at 0 -1.43) (layer F.SilkS)
      (effects (font (size 1 1) (thickness 0.15)))
    )
    (fp_text value 18pF (at 0 1.43) (layer F.Fab)
      (effects (font (size 1 1) (thickness 0.15)))
    )
    (fp_line (start 1.65 0.73) (end -1.65 0.73) (layer F.CrtYd) (width 0.05))
    (fp_line (start 1.65 -0.73) (end 1.65 0.73) (layer F.CrtYd) (width 0.05))
    (fp_line (start -1.65 -0.73) (end 1.65 -0.73) (layer F.CrtYd) (width 0.05))
    (fp_line (start -1.65 0.73) (end -1.65 -0.73) (layer F.CrtYd) (width 0.05))
    (fp_line (start -0.146267 0.51) (end 0.146267 0.51) (layer F.SilkS) (width 0.12))
    (fp_line (start -0.146267 -0.51) (end 0.146267 -0.51) (layer F.SilkS) (width 0.12))
    (fp_line (start 0.8 0.4) (end -0.8 0.4) (layer F.Fab) (width 0.1))
    (fp_line (start 0.8 -0.4) (end 0.8 0.4) (layer F.Fab) (width 0.1))
    (fp_line (start -0.8 -0.4) (end 0.8 -0.4) (layer F.Fab) (width 0.1))
    (fp_line (start -0.8 0.4) (end -0.8 -0.4) (layer F.Fab) (width 0.1))
    (fp_text user %R (at 0 0) (layer F.Fab)
      (effects (font (size 0.4 0.4) (thickness 0.06)))
    )
    (pad 1 smd roundrect (at -0.8625 0) (size 1.075 0.95) (layers F.Cu F.Paste F.Mask) (roundrect_rratio 0.25)
      (net 1 GND))
    (pad 2 smd roundrect (at 0.8625 0) (size 1.075 0.95) (layers F.Cu F.Paste F.Mask) (roundrect_rratio 0.25)
      (net 10 "Net-(C12-Pad2)"))
    (model ${KISYS3DMOD}/Capacitor_SMD.3dshapes/C_0603_1608Metric.wrl
      (at (xyz 0 0 0))
      (scale (xyz 1 1 1))
      (rotate (xyz 0 0 0))
    )
  )

  (module Diode_SMD:D_SOD-323_HandSoldering (layer F.Cu) (tedit 58641869) (tstamp 6093B2EE)
    (at 112.25 51.25 180)
    (descr SOD-323)
    (tags SOD-323)
    (path /609480BB)
    (attr smd)
    (fp_text reference D1 (at 2.75 0 270) (layer F.SilkS)
      (effects (font (size 1 1) (thickness 0.15)))
    )
